1 0
2 0
3 0
4 1
5 1
6 1
7 1
8 0
9 0
10 0
11 0
12 0
13 0
14 0
15 1
16 0
17 0
18 1
19 0
20 1
21 1
22 0
23 0
24 0
25 1
26 1
27 0
28 0
29 0
30 1
31 0
32 0
33 1
34 1
35 1
36 0
37 0
38 1
39 1
40 0
41 1
42 0
43 0
44 0
45 1
46 0
47 0
48 1
49 0
50 0
51 0
52 0
53 0
54 1
55 0
56 0
57 0
58 1
59 1
60 0
61 1
62 0
63 1
64 0
65 0
66 0
67 0
68 0
69 0
70 1
71 1
72 1
73 0
74 0
75 0
76 0
77 1
78 0
79 0
80 0
81 1
82 1
83 0
84 0
85 0
86 0
87 0
88 0
89 0
90 0
91 1
92 0
93 0
94 0
95 0
96 0
97 0
98 1
99 0
100 0
101 0
102 0
103 0
104 0
105 0
106 0
107 0
108 1
109 1
110 0
111 1
112 0
113 1
114 0
115 0
116 0
117 0
118 0
119 1
120 0
121 0
122 1
123 0
124 0
125 0
126 0
127 1
128 1
129 0
130 0
131 0
132 1
133 0
134 0
135 1
136 0
137 0
138 1
139 0
140 1
141 1
142 0
143 1
144 0
145 0
146 1
147 0
148 0
149 1
150 0
151 0
152 0
153 0
154 0
155 0
156 1
157 0
158 0
159 0
160 0
161 0
162 0
163 0
164 1
165 1
166 1
167 0
168 1
169 1
170 0
171 1
172 0
173 0
174 0
175 0
176 1
177 1
178 1
179 1
180 0
181 0
182 0
183 0
184 0
185 1
186 0
187 0
188 1
189 0
190 1
191 0
192 0
193 0
194 0
195 1
196 0
197 1
198 1
199 0
200 0
