1 0
2 0
3 0
4 0
5 0
6 1
7 1
8 0
9 0
10 0
11 1
12 0
13 0
14 1
15 1
16 0
17 1
18 1
19 0
20 0
21 1
22 1
23 1
24 0
25 1
26 0
27 0
28 0
29 0
30 1
31 0
32 1
33 1
34 0
35 0
36 1
37 0
38 0
39 0
40 0
41 1
42 0
43 0
44 1
45 0
46 0
47 0
48 0
49 1
50 1
51 0
52 0
53 1
54 0
55 0
56 0
57 0
58 0
59 1
60 1
61 1
62 0
63 0
64 1
65 1
66 0
67 1
68 0
69 0
70 0
71 1
72 0
73 0
74 0
75 0
76 1
77 0
78 1
79 0
80 1
81 0
82 0
83 1
84 0
85 1
86 0
87 0
88 1
89 0
90 0
91 1
92 0
93 1
94 0
95 1
96 0
97 0
98 0
99 0
100 0
101 0
102 0
103 0
104 1
105 0
106 0
107 0
108 1
109 1
110 1
111 0
112 1
113 0
114 0
115 1
116 0
117 1
118 0
119 0
120 0
121 1
122 1
123 0
124 1
125 1
126 1
127 0
128 0
129 0
130 0
131 0
132 0
133 0
134 1
135 0
136 0
137 0
138 0
139 1
140 0
141 0
142 0
143 0
144 0
145 1
146 0
147 1
148 0
149 0
150 0
151 0
152 0
153 0
154 0
155 1
156 1
157 1
158 0
159 0
160 1
161 1
162 0
163 1
164 0
165 1
166 1
167 1
168 0
169 1
170 0
171 1
172 0
173 0
174 0
175 0
176 1
177 0
178 0
179 0
180 1
181 0
182 0
183 0
184 0
185 1
186 0
187 0
188 1
189 0
190 0
191 0
192 0
193 0
194 0
195 1
196 0
197 0
198 0
199 0
200 1
