1 0
2 0
3 1
4 0
5 1
6 0
7 0
8 0
9 0
10 1
11 0
12 0
13 0
14 1
15 0
16 1
17 1
18 1
19 1
20 0
21 1
22 1
23 0
24 0
25 1
26 0
27 1
28 0
29 0
30 1
31 1
32 0
33 0
34 0
35 0
36 0
37 0
38 1
39 1
40 1
41 0
42 0
43 0
44 0
45 0
46 0
47 0
48 1
49 1
50 0
51 0
52 1
53 0
54 0
55 1
56 1
57 0
58 0
59 0
60 1
61 0
62 0
63 1
64 1
65 0
66 0
67 0
68 1
69 1
70 1
71 0
72 0
73 0
74 0
75 0
76 1
77 1
78 0
79 1
80 1
81 0
82 0
83 0
84 1
85 1
86 1
87 0
88 1
89 1
90 0
91 0
92 1
93 1
94 0
95 0
96 0
97 0
98 0
99 0
100 1
101 1
102 0
103 1
104 1
105 0
106 1
107 1
108 1
109 0
110 1
111 1
112 0
113 0
114 0
115 0
116 0
117 0
118 0
119 0
120 0
121 0
122 1
123 1
124 0
125 1
126 1
127 0
128 0
129 0
130 0
131 0
132 1
133 1
134 0
135 1
136 1
137 1
138 0
139 0
140 1
141 0
142 0
143 1
144 1
145 1
146 1
147 1
148 1
149 1
150 0
151 0
152 1
153 0
154 1
155 0
156 1
157 0
158 0
159 0
160 0
161 0
162 1
163 1
164 0
165 0
166 0
167 0
168 0
169 0
170 0
171 1
172 0
173 1
174 0
175 0
176 1
177 0
178 1
179 1
180 0
181 0
182 0
183 0
184 0
185 1
186 0
187 0
188 0
189 0
190 1
191 0
192 1
193 1
194 1
195 1
196 0
197 0
198 0
199 1
200 0
