1 0
2 0
3 1
4 1
5 1
6 0
7 1
8 1
9 1
10 1
11 0
12 1
13 1
14 1
15 1
16 1
17 1
18 0
19 1
20 0
21 0
22 0
23 0
24 1
25 0
26 1
27 1
28 1
29 0
30 1
31 1
32 0
33 1
34 0
35 1
36 0
37 0
38 0
39 1
40 1
41 0
42 1
43 0
44 1
45 1
46 0
47 1
48 1
49 1
50 0
51 0
52 1
53 0
54 1
55 1
56 1
57 1
58 0
59 0
60 0
61 1
62 0
63 1
64 1
65 1
66 0
67 1
68 1
69 1
70 1
71 1
72 0
73 0
74 1
75 1
76 1
77 0
78 0
79 1
80 1
81 1
82 0
83 1
84 0
85 1
86 0
87 1
88 1
89 1
90 0
91 1
92 0
93 0
94 0
95 1
96 1
97 1
98 1
99 0
100 1
101 0
102 0
103 1
104 1
105 1
106 0
107 0
108 0
109 1
110 1
111 0
112 1
113 0
114 1
115 1
116 1
117 1
118 0
119 1
120 0
121 1
122 1
123 1
124 0
125 0
126 0
127 0
128 1
129 0
130 1
131 0
132 1
133 1
134 1
135 1
136 0
137 0
138 0
139 0
140 1
141 1
142 0
143 0
144 1
145 0
146 1
147 1
148 1
149 0
150 0
151 0
152 0
153 1
154 1
155 0
156 1
157 0
158 1
159 1
160 0
161 0
162 0
163 0
164 1
165 1
166 1
167 0
168 0
169 0
170 0
171 1
172 1
173 0
174 1
175 0
176 1
177 1
178 0
179 1
180 1
181 1
182 1
183 1
184 1
185 1
186 1
187 1
188 0
189 1
190 0
191 1
192 0
193 0
194 0
195 1
196 1
197 1
198 0
199 1
200 0
