1 0
2 1
3 0
4 1
5 0
6 1
7 0
8 0
9 1
10 0
11 0
12 0
13 0
14 1
15 1
16 1
17 0
18 1
19 0
20 0
21 1
22 1
23 0
24 1
25 1
26 0
27 0
28 0
29 0
30 0
31 0
32 1
33 0
34 1
35 0
36 0
37 0
38 0
39 1
40 0
41 0
42 1
43 1
44 1
45 0
46 0
47 1
48 0
49 0
50 1
51 0
52 0
53 1
54 1
55 0
56 0
57 1
58 0
59 1
60 0
61 1
62 0
63 0
64 1
65 1
66 1
67 0
68 0
69 0
70 0
71 1
72 1
73 0
74 0
75 0
76 1
77 0
78 1
79 1
80 0
81 1
82 1
83 1
84 1
85 0
86 0
87 1
88 1
89 0
90 0
91 1
92 1
93 1
94 0
95 0
96 0
97 1
98 1
99 1
100 1
101 0
102 1
103 1
104 0
105 0
106 1
107 0
108 1
109 1
110 1
111 0
112 0
113 1
114 0
115 0
116 0
117 1
118 0
119 0
120 0
121 0
122 1
123 0
124 0
125 0
126 1
127 1
128 1
129 1
130 0
131 0
132 0
133 0
134 1
135 0
136 1
137 1
138 0
139 0
140 0
141 1
142 1
143 0
144 1
145 0
146 0
147 1
148 0
149 0
150 0
151 1
152 1
153 1
154 0
155 0
156 1
157 1
158 0
159 1
160 1
161 0
162 0
163 0
164 1
165 0
166 1
167 1
168 0
169 1
170 0
171 1
172 0
173 1
174 1
175 1
176 0
177 0
178 0
179 1
180 0
181 1
182 0
183 1
184 0
185 0
186 1
187 0
188 1
189 1
190 1
191 0
192 1
193 0
194 1
195 1
196 0
197 0
198 0
199 0
200 0
