1 0
2 0
3 0
4 0
5 1
6 1
7 0
8 0
9 1
10 1
11 0
12 0
13 0
14 0
15 0
16 1
17 1
18 0
19 0
20 0
21 0
22 0
23 0
24 0
25 0
26 0
27 0
28 0
29 0
30 0
31 1
32 0
33 1
34 0
35 0
36 0
37 0
38 1
39 1
40 0
41 1
42 0
43 0
44 0
45 0
46 0
47 0
48 0
49 1
50 0
51 0
52 0
53 0
54 0
55 1
56 1
57 0
58 0
59 0
60 1
61 0
62 0
63 0
64 1
65 0
66 0
67 1
68 0
69 0
70 0
71 0
72 1
73 0
74 0
75 0
76 0
77 0
78 0
79 1
80 0
81 0
82 0
83 0
84 1
85 0
86 1
87 0
88 0
89 1
90 0
91 1
92 1
93 0
94 1
95 0
96 1
97 0
98 1
99 0
100 1
101 0
102 0
103 0
104 0
105 1
106 0
107 0
108 1
109 0
110 0
111 0
112 0
113 1
114 0
115 0
116 1
117 1
118 1
119 0
120 0
121 1
122 1
123 0
124 0
125 0
126 1
127 0
128 1
129 0
130 1
131 0
132 0
133 0
134 0
135 0
136 0
137 0
138 1
139 0
140 0
141 0
142 0
143 1
144 0
145 0
146 0
147 0
148 1
149 0
150 0
151 0
152 1
153 1
154 1
155 0
156 0
157 1
158 0
159 1
160 0
161 0
162 0
163 0
164 1
165 0
166 0
167 0
168 1
169 0
170 0
171 0
172 1
173 1
174 0
175 1
176 1
177 0
178 0
179 0
180 1
181 1
182 1
183 0
184 0
185 1
186 1
187 0
188 0
189 1
190 1
191 0
192 0
193 1
194 0
195 0
196 0
197 0
198 1
199 1
200 0
