1 1
2 1
3 0
4 0
5 0
6 1
7 1
8 0
9 1
10 0
11 1
12 0
13 1
14 0
15 1
16 0
17 1
18 1
19 0
20 1
21 0
22 1
23 0
24 0
25 1
26 1
27 0
28 1
29 0
30 1
31 0
32 0
33 1
34 0
35 1
36 0
37 1
38 0
39 1
40 0
41 0
42 0
43 0
44 1
45 1
46 0
47 0
48 1
49 0
50 1
51 0
52 0
53 1
54 1
55 1
56 1
57 1
58 1
59 1
60 0
61 1
62 1
63 1
64 0
65 0
66 1
67 1
68 1
69 1
70 0
71 0
72 0
73 1
74 1
75 1
76 0
77 0
78 0
79 0
80 0
81 1
82 0
83 1
84 1
85 0
86 1
87 0
88 0
89 0
90 0
91 0
92 0
93 0
94 0
95 0
96 0
97 0
98 0
99 0
100 0
101 1
102 0
103 0
104 1
105 0
106 0
107 1
108 0
109 0
110 1
111 0
112 0
113 0
114 1
115 1
116 0
117 1
118 1
119 1
120 1
121 1
122 0
123 1
124 0
125 0
126 0
127 0
128 1
129 0
130 0
131 0
132 0
133 0
134 1
135 0
136 0
137 0
138 1
139 1
140 0
141 1
142 1
143 1
144 1
145 1
146 0
147 0
148 1
149 1
150 0
151 1
152 1
153 0
154 0
155 1
156 1
157 1
158 0
159 0
160 0
161 0
162 1
163 1
164 1
165 0
166 1
167 0
168 0
169 1
170 0
171 1
172 0
173 1
174 0
175 1
176 1
177 0
178 0
179 0
180 0
181 0
182 0
183 1
184 1
185 1
186 0
187 0
188 0
189 1
190 1
191 0
192 1
193 0
194 0
195 0
196 0
197 0
198 0
199 1
200 0
