1 1
2 0
3 1
4 1
5 0
6 1
7 0
8 0
9 0
10 0
11 0
12 1
13 0
14 0
15 1
16 0
17 1
18 1
19 1
20 1
21 0
22 1
23 0
24 1
25 0
26 0
27 0
28 0
29 0
30 0
31 1
32 1
33 1
34 0
35 0
36 1
37 0
38 0
39 1
40 0
41 1
42 1
43 0
44 1
45 0
46 1
47 1
48 1
49 1
50 0
51 0
52 1
53 1
54 0
55 1
56 0
57 1
58 0
59 1
60 0
61 1
62 1
63 1
64 1
65 1
66 1
67 1
68 0
69 1
70 1
71 1
72 0
73 0
74 1
75 1
76 1
77 1
78 0
79 1
80 0
81 1
82 0
83 0
84 0
85 0
86 0
87 0
88 0
89 1
90 0
91 1
92 0
93 1
94 1
95 0
96 1
97 1
98 1
99 0
100 1
101 1
102 0
103 0
104 1
105 0
106 1
107 0
108 0
109 1
110 0
111 0
112 0
113 0
114 1
115 0
116 1
117 0
118 1
119 1
120 1
121 0
122 1
123 0
124 0
125 0
126 1
127 0
128 0
129 1
130 1
131 0
132 0
133 1
134 0
135 0
136 0
137 1
138 1
139 0
140 1
141 1
142 0
143 0
144 1
145 0
146 0
147 1
148 1
149 0
150 0
151 0
152 1
153 0
154 1
155 0
156 1
157 1
158 0
159 0
160 0
161 0
162 0
163 0
164 0
165 1
166 0
167 0
168 1
169 1
170 0
171 0
172 0
173 1
174 1
175 1
176 1
177 0
178 0
179 0
180 0
181 1
182 0
183 0
184 1
185 1
186 0
187 1
188 0
189 0
190 0
191 0
192 0
193 0
194 0
195 1
196 0
197 0
198 1
199 0
200 1
