1 1
2 0
3 0
4 0
5 1
6 0
7 1
8 0
9 0
10 1
11 0
12 1
13 0
14 0
15 0
16 0
17 0
18 0
19 0
20 0
21 1
22 0
23 0
24 1
25 1
26 1
27 1
28 1
29 0
30 0
31 1
32 1
33 1
34 0
35 0
36 0
37 1
38 0
39 0
40 1
41 1
42 1
43 1
44 1
45 0
46 0
47 0
48 1
49 0
50 1
51 0
52 1
53 1
54 1
55 1
56 1
57 1
58 1
59 0
60 0
61 0
62 1
63 0
64 1
65 0
66 1
67 0
68 0
69 1
70 0
71 1
72 0
73 0
74 1
75 0
76 1
77 0
78 0
79 1
80 1
81 0
82 0
83 0
84 0
85 0
86 0
87 0
88 0
89 0
90 0
91 0
92 0
93 0
94 0
95 1
96 0
97 0
98 0
99 1
100 0
101 0
102 0
103 1
104 0
105 0
106 1
107 0
108 1
109 1
110 1
111 1
112 1
113 1
114 0
115 0
116 0
117 1
118 0
119 0
120 1
121 1
122 0
123 0
124 0
125 0
126 0
127 0
128 0
129 0
130 1
131 1
132 1
133 1
134 1
135 1
136 0
137 0
138 0
139 0
140 1
141 0
142 0
143 1
144 1
145 1
146 0
147 0
148 0
149 0
150 1
151 0
152 0
153 1
154 1
155 0
156 0
157 1
158 1
159 1
160 0
161 0
162 0
163 1
164 0
165 1
166 0
167 1
168 1
169 0
170 0
171 1
172 1
173 0
174 1
175 0
176 0
177 1
178 1
179 0
180 1
181 1
182 0
183 1
184 0
185 1
186 1
187 0
188 0
189 1
190 0
191 0
192 1
193 0
194 0
195 1
196 1
197 1
198 0
199 0
200 0
