1 0
2 0
3 1
4 0
5 1
6 0
7 1
8 0
9 1
10 0
11 0
12 0
13 0
14 1
15 1
16 1
17 0
18 0
19 0
20 0
21 0
22 0
23 0
24 0
25 0
26 0
27 0
28 0
29 0
30 0
31 0
32 0
33 0
34 0
35 0
36 0
37 0
38 1
39 1
40 1
41 0
42 0
43 1
44 0
45 0
46 0
47 0
48 0
49 0
50 1
51 0
52 1
53 1
54 0
55 0
56 0
57 0
58 1
59 1
60 0
61 1
62 0
63 1
64 0
65 1
66 1
67 1
68 1
69 0
70 0
71 0
72 0
73 0
74 0
75 0
76 0
77 0
78 0
79 0
80 0
81 0
82 0
83 0
84 1
85 0
86 1
87 0
88 0
89 0
90 0
91 1
92 0
93 0
94 0
95 1
96 0
97 0
98 0
99 1
100 1
101 0
102 1
103 1
104 1
105 0
106 0
107 0
108 1
109 1
110 0
111 0
112 0
113 1
114 0
115 1
116 0
117 0
118 0
119 1
120 1
121 0
122 0
123 0
124 1
125 1
126 1
127 0
128 0
129 0
130 0
131 0
132 1
133 0
134 1
135 0
136 0
137 1
138 1
139 0
140 0
141 0
142 0
143 0
144 0
145 1
146 0
147 1
148 0
149 0
150 0
151 0
152 0
153 1
154 1
155 0
156 0
157 0
158 0
159 0
160 1
161 1
162 1
163 0
164 0
165 0
166 1
167 0
168 0
169 0
170 1
171 0
172 1
173 1
174 0
175 0
176 1
177 1
178 1
179 0
180 1
181 1
182 1
183 0
184 1
185 0
186 0
187 1
188 1
189 0
190 1
191 0
192 1
193 0
194 1
195 0
196 0
197 0
198 1
199 0
200 1
