1 1
2 0
3 1
4 0
5 1
6 1
7 1
8 0
9 0
10 1
11 1
12 1
13 1
14 1
15 1
16 1
17 1
18 1
19 0
20 1
21 1
22 0
23 0
24 0
25 0
26 0
27 1
28 1
29 0
30 0
31 0
32 0
33 0
34 0
35 0
36 0
37 0
38 0
39 1
40 0
41 1
42 0
43 0
44 0
45 0
46 0
47 0
48 0
49 0
50 0
51 0
52 1
53 1
54 0
55 0
56 0
57 1
58 0
59 1
60 0
61 1
62 0
63 1
64 1
65 1
66 0
67 0
68 0
69 0
70 1
71 0
72 0
73 1
74 1
75 1
76 1
77 0
78 0
79 0
80 0
81 1
82 0
83 0
84 0
85 0
86 0
87 0
88 1
89 1
90 1
91 1
92 0
93 1
94 1
95 1
96 0
97 0
98 0
99 1
100 1
101 1
102 1
103 1
104 1
105 1
106 0
107 0
108 0
109 1
110 0
111 0
112 0
113 0
114 0
115 0
116 0
117 1
118 0
119 0
120 0
121 1
122 0
123 0
124 0
125 1
126 0
127 1
128 0
129 0
130 0
131 1
132 0
133 0
134 0
135 1
136 0
137 0
138 1
139 1
140 1
141 1
142 0
143 0
144 0
145 1
146 1
147 0
148 1
149 0
150 1
151 0
152 0
153 1
154 0
155 0
156 0
157 1
158 0
159 0
160 1
161 1
162 1
163 0
164 0
165 1
166 1
167 1
168 1
169 0
170 0
171 0
172 1
173 1
174 0
175 1
176 0
177 0
178 0
179 1
180 1
181 1
182 1
183 0
184 0
185 0
186 1
187 1
188 0
189 1
190 0
191 0
192 0
193 1
194 0
195 0
196 1
197 1
198 0
199 1
200 1
