1 1
2 0
3 1
4 0
5 1
6 1
7 0
8 1
9 1
10 0
11 0
12 0
13 1
14 0
15 1
16 0
17 1
18 1
19 0
20 1
21 1
22 1
23 0
24 0
25 0
26 1
27 0
28 1
29 1
30 0
31 1
32 1
33 1
34 1
35 1
36 1
37 1
38 0
39 1
40 0
41 0
42 0
43 0
44 1
45 1
46 0
47 0
48 0
49 1
50 0
51 0
52 0
53 0
54 1
55 1
56 1
57 1
58 0
59 1
60 0
61 0
62 1
63 1
64 1
65 1
66 0
67 0
68 0
69 0
70 0
71 0
72 1
73 0
74 1
75 0
76 0
77 1
78 1
79 0
80 0
81 0
82 0
83 0
84 1
85 1
86 1
87 0
88 0
89 0
90 1
91 0
92 0
93 0
94 0
95 0
96 1
97 1
98 1
99 1
100 0
101 0
102 1
103 1
104 0
105 0
106 0
107 1
108 1
109 0
110 0
111 1
112 0
113 1
114 0
115 1
116 0
117 1
118 0
119 1
120 1
121 0
122 1
123 1
124 1
125 0
126 0
127 0
128 1
129 0
130 0
131 0
132 0
133 1
134 1
135 0
136 1
137 0
138 0
139 0
140 0
141 0
142 0
143 1
144 0
145 0
146 0
147 1
148 0
149 0
150 1
151 1
152 0
153 1
154 0
155 1
156 1
157 0
158 0
159 1
160 1
161 0
162 0
163 0
164 0
165 0
166 1
167 1
168 1
169 1
170 1
171 0
172 1
173 0
174 1
175 0
176 1
177 0
178 0
179 0
180 1
181 1
182 1
183 1
184 1
185 1
186 0
187 0
188 1
189 1
190 1
191 1
192 0
193 1
194 1
195 0
196 1
197 0
198 0
199 0
200 1
