1 1
2 1
3 0
4 0
5 1
6 0
7 0
8 0
9 0
10 0
11 0
12 1
13 0
14 0
15 0
16 0
17 0
18 0
19 1
20 0
21 0
22 0
23 0
24 1
25 1
26 0
27 1
28 0
29 1
30 0
31 1
32 0
33 0
34 0
35 0
36 0
37 0
38 0
39 1
40 0
41 0
42 1
43 0
44 1
45 1
46 1
47 0
48 0
49 0
50 1
51 0
52 1
53 1
54 0
55 0
56 0
57 0
58 0
59 1
60 0
61 0
62 0
63 1
64 0
65 0
66 0
67 1
68 0
69 0
70 1
71 0
72 0
73 0
74 0
75 1
76 1
77 0
78 1
79 0
80 0
81 0
82 0
83 1
84 0
85 1
86 0
87 1
88 0
89 0
90 0
91 0
92 0
93 1
94 0
95 1
96 0
97 1
98 0
99 0
100 1
101 1
102 0
103 0
104 0
105 1
106 0
107 1
108 0
109 0
110 0
111 0
112 0
113 0
114 0
115 0
116 0
117 0
118 0
119 1
120 0
121 0
122 0
123 0
124 1
125 0
126 0
127 0
128 0
129 1
130 1
131 1
132 1
133 1
134 1
135 1
136 1
137 1
138 0
139 1
140 0
141 0
142 1
143 0
144 0
145 0
146 0
147 0
148 0
149 1
150 0
151 1
152 0
153 1
154 0
155 0
156 1
157 0
158 0
159 0
160 0
161 1
162 0
163 0
164 1
165 0
166 0
167 0
168 1
169 1
170 1
171 1
172 0
173 1
174 0
175 0
176 1
177 1
178 0
179 0
180 0
181 0
182 1
183 0
184 1
185 1
186 0
187 0
188 1
189 0
190 1
191 0
192 0
193 0
194 1
195 0
196 0
197 0
198 0
199 1
200 0
