1 0
2 1
3 1
4 0
5 0
6 0
7 1
8 0
9 1
10 0
11 0
12 0
13 0
14 1
15 0
16 0
17 1
18 0
19 0
20 0
21 0
22 0
23 0
24 0
25 0
26 1
27 1
28 1
29 0
30 0
31 0
32 1
33 0
34 0
35 1
36 0
37 0
38 0
39 1
40 1
41 0
42 0
43 0
44 0
45 0
46 1
47 1
48 0
49 0
50 0
51 0
52 0
53 1
54 0
55 0
56 0
57 0
58 0
59 0
60 1
61 1
62 0
63 0
64 1
65 0
66 1
67 0
68 0
69 0
70 1
71 1
72 1
73 1
74 0
75 0
76 1
77 1
78 0
79 0
80 0
81 1
82 0
83 0
84 0
85 1
86 0
87 0
88 0
89 0
90 0
91 1
92 1
93 1
94 0
95 0
96 1
97 0
98 0
99 1
100 1
101 1
102 0
103 0
104 0
105 1
106 0
107 0
108 1
109 1
110 0
111 0
112 0
113 0
114 0
115 1
116 0
117 0
118 0
119 0
120 0
121 1
122 1
123 1
124 0
125 0
126 0
127 0
128 0
129 1
130 1
131 0
132 1
133 1
134 1
135 0
136 0
137 1
138 0
139 0
140 1
141 0
142 0
143 0
144 1
145 0
146 0
147 1
148 0
149 1
150 0
151 1
152 1
153 0
154 0
155 0
156 0
157 1
158 1
159 1
160 1
161 1
162 1
163 0
164 0
165 1
166 0
167 0
168 0
169 1
170 0
171 0
172 0
173 0
174 1
175 1
176 0
177 0
178 0
179 0
180 0
181 0
182 1
183 0
184 0
185 1
186 0
187 1
188 1
189 1
190 0
191 1
192 1
193 0
194 0
195 0
196 0
197 1
198 1
199 0
200 0
