1 1
2 0
3 0
4 0
5 0
6 0
7 0
8 0
9 0
10 0
11 0
12 0
13 0
14 0
15 1
16 0
17 0
18 1
19 0
20 1
21 0
22 0
23 0
24 0
25 0
26 1
27 1
28 1
29 0
30 0
31 0
32 0
33 0
34 0
35 0
36 1
37 1
38 1
39 1
40 1
41 0
42 0
43 0
44 1
45 0
46 1
47 0
48 1
49 0
50 0
51 1
52 0
53 0
54 0
55 0
56 0
57 0
58 1
59 0
60 0
61 1
62 0
63 0
64 0
65 0
66 1
67 0
68 1
69 0
70 0
71 0
72 1
73 1
74 1
75 1
76 0
77 0
78 0
79 0
80 0
81 0
82 1
83 0
84 1
85 1
86 0
87 0
88 0
89 0
90 1
91 1
92 0
93 0
94 0
95 1
96 1
97 1
98 1
99 0
100 0
101 1
102 1
103 0
104 1
105 1
106 0
107 1
108 0
109 0
110 0
111 0
112 1
113 0
114 1
115 0
116 1
117 1
118 1
119 0
120 1
121 1
122 0
123 0
124 1
125 0
126 0
127 1
128 0
129 0
130 1
131 1
132 0
133 1
134 0
135 1
136 0
137 1
138 1
139 1
140 0
141 0
142 1
143 1
144 0
145 1
146 0
147 1
148 0
149 0
150 0
151 1
152 1
153 0
154 0
155 0
156 0
157 0
158 0
159 1
160 0
161 0
162 1
163 0
164 1
165 1
166 0
167 0
168 1
169 0
170 0
171 0
172 1
173 0
174 0
175 0
176 0
177 0
178 1
179 0
180 0
181 0
182 0
183 1
184 0
185 1
186 0
187 0
188 0
189 0
190 1
191 1
192 0
193 0
194 0
195 0
196 1
197 1
198 1
199 0
200 1
