1 0
2 1
3 1
4 0
5 1
6 0
7 0
8 1
9 0
10 1
11 1
12 1
13 1
14 0
15 1
16 0
17 0
18 0
19 0
20 0
21 1
22 0
23 0
24 0
25 0
26 0
27 0
28 1
29 0
30 1
31 1
32 0
33 1
34 1
35 0
36 0
37 1
38 0
39 0
40 1
41 0
42 0
43 0
44 1
45 0
46 0
47 1
48 0
49 0
50 0
51 1
52 0
53 0
54 1
55 0
56 0
57 0
58 1
59 0
60 0
61 1
62 1
63 0
64 0
65 0
66 0
67 0
68 0
69 0
70 0
71 1
72 0
73 0
74 1
75 0
76 0
77 0
78 1
79 0
80 0
81 0
82 0
83 0
84 0
85 0
86 1
87 0
88 1
89 0
90 0
91 0
92 1
93 0
94 0
95 0
96 0
97 0
98 0
99 1
100 1
101 0
102 0
103 0
104 0
105 1
106 0
107 0
108 0
109 0
110 1
111 0
112 0
113 0
114 0
115 1
116 0
117 1
118 0
119 0
120 0
121 0
122 0
123 1
124 0
125 1
126 1
127 1
128 0
129 0
130 1
131 0
132 1
133 1
134 1
135 0
136 1
137 0
138 0
139 1
140 0
141 0
142 0
143 1
144 0
145 1
146 0
147 0
148 1
149 0
150 0
151 0
152 0
153 0
154 0
155 1
156 0
157 0
158 0
159 0
160 0
161 0
162 0
163 0
164 0
165 0
166 1
167 0
168 0
169 0
170 0
171 0
172 0
173 1
174 0
175 0
176 0
177 0
178 0
179 1
180 0
181 0
182 0
183 0
184 1
185 1
186 0
187 0
188 0
189 0
190 0
191 1
192 1
193 0
194 0
195 0
196 0
197 0
198 1
199 0
200 0
