1 1
2 1
3 1
4 0
5 0
6 1
7 1
8 0
9 1
10 0
11 1
12 1
13 0
14 0
15 0
16 0
17 1
18 1
19 0
20 0
21 1
22 0
23 0
24 1
25 1
26 0
27 0
28 0
29 0
30 1
31 1
32 1
33 1
34 1
35 0
36 0
37 1
38 1
39 1
40 1
41 1
42 0
43 1
44 1
45 0
46 1
47 1
48 1
49 1
50 1
51 1
52 1
53 0
54 0
55 0
56 0
57 1
58 1
59 0
60 0
61 1
62 1
63 0
64 1
65 0
66 0
67 1
68 1
69 1
70 1
71 1
72 0
73 1
74 0
75 0
76 0
77 0
78 0
79 0
80 1
81 0
82 0
83 0
84 0
85 1
86 0
87 1
88 1
89 1
90 0
91 1
92 1
93 0
94 0
95 0
96 1
97 0
98 0
99 0
100 0
101 1
102 1
103 1
104 0
105 1
106 1
107 1
108 0
109 1
110 0
111 0
112 0
113 1
114 0
115 1
116 1
117 1
118 0
119 1
120 1
121 1
122 1
123 0
124 0
125 0
126 0
127 1
128 1
129 1
130 1
131 1
132 1
133 0
134 0
135 0
136 0
137 0
138 0
139 0
140 0
141 1
142 1
143 1
144 1
145 1
146 0
147 0
148 1
149 0
150 1
151 1
152 0
153 0
154 0
155 0
156 0
157 1
158 1
159 1
160 1
161 1
162 1
163 1
164 1
165 0
166 0
167 0
168 1
169 0
170 0
171 1
172 1
173 0
174 0
175 0
176 0
177 0
178 0
179 1
180 1
181 1
182 0
183 0
184 0
185 0
186 1
187 0
188 1
189 1
190 0
191 1
192 0
193 0
194 0
195 0
196 0
197 0
198 1
199 0
200 1
