1 0
2 0
3 0
4 1
5 0
6 1
7 1
8 0
9 1
10 1
11 0
12 0
13 0
14 1
15 0
16 1
17 0
18 1
19 0
20 0
21 0
22 0
23 0
24 1
25 0
26 0
27 1
28 0
29 0
30 1
31 1
32 1
33 0
34 1
35 0
36 1
37 0
38 1
39 1
40 0
41 1
42 1
43 0
44 0
45 1
46 1
47 1
48 0
49 0
50 0
51 0
52 1
53 1
54 1
55 0
56 1
57 0
58 1
59 1
60 1
61 1
62 0
63 0
64 0
65 0
66 1
67 1
68 1
69 0
70 0
71 0
72 1
73 1
74 0
75 1
76 1
77 1
78 1
79 1
80 0
81 0
82 0
83 1
84 0
85 0
86 0
87 1
88 0
89 0
90 0
91 0
92 1
93 0
94 0
95 1
96 1
97 1
98 0
99 0
100 1
101 0
102 1
103 1
104 1
105 1
106 0
107 0
108 0
109 1
110 0
111 1
112 1
113 1
114 0
115 0
116 0
117 0
118 0
119 1
120 0
121 0
122 0
123 1
124 1
125 1
126 0
127 1
128 0
129 0
130 0
131 1
132 1
133 0
134 1
135 0
136 0
137 0
138 0
139 1
140 1
141 0
142 0
143 0
144 0
145 0
146 0
147 0
148 0
149 0
150 0
151 0
152 0
153 1
154 0
155 0
156 1
157 0
158 0
159 0
160 1
161 0
162 1
163 0
164 0
165 0
166 1
167 1
168 1
169 1
170 0
171 1
172 1
173 0
174 0
175 0
176 1
177 1
178 1
179 1
180 0
181 1
182 0
183 1
184 0
185 0
186 0
187 0
188 1
189 0
190 0
191 0
192 1
193 1
194 1
195 0
196 0
197 0
198 0
199 1
200 0
