1 0
2 1
3 0
4 0
5 1
6 0
7 1
8 0
9 1
10 1
11 1
12 0
13 0
14 0
15 0
16 1
17 0
18 1
19 1
20 0
21 1
22 1
23 0
24 0
25 1
26 1
27 1
28 0
29 0
30 1
31 1
32 1
33 0
34 1
35 0
36 1
37 0
38 0
39 0
40 0
41 1
42 0
43 1
44 1
45 0
46 0
47 0
48 0
49 0
50 0
51 1
52 1
53 1
54 0
55 0
56 1
57 0
58 1
59 0
60 1
61 1
62 0
63 0
64 1
65 0
66 0
67 1
68 0
69 1
70 0
71 1
72 1
73 1
74 0
75 0
76 1
77 0
78 0
79 1
80 0
81 1
82 0
83 0
84 0
85 1
86 0
87 1
88 1
89 1
90 1
91 0
92 1
93 0
94 1
95 1
96 0
97 1
98 0
99 1
100 0
101 1
102 1
103 1
104 1
105 1
106 0
107 0
108 1
109 1
110 0
111 0
112 1
113 1
114 0
115 0
116 0
117 0
118 0
119 1
120 1
121 1
122 0
123 1
124 0
125 0
126 0
127 1
128 1
129 0
130 1
131 1
132 0
133 0
134 1
135 0
136 0
137 0
138 1
139 0
140 0
141 0
142 0
143 1
144 1
145 0
146 1
147 1
148 0
149 0
150 1
151 0
152 1
153 0
154 0
155 0
156 0
157 0
158 0
159 0
160 0
161 0
162 0
163 0
164 0
165 0
166 1
167 0
168 1
169 0
170 0
171 1
172 0
173 0
174 1
175 1
176 0
177 1
178 0
179 0
180 0
181 1
182 0
183 1
184 1
185 0
186 1
187 0
188 0
189 1
190 1
191 1
192 1
193 1
194 1
195 1
196 0
197 0
198 0
199 0
200 1
