1 0
2 0
3 1
4 0
5 0
6 0
7 1
8 0
9 0
10 0
11 1
12 1
13 1
14 0
15 1
16 0
17 0
18 1
19 0
20 0
21 0
22 0
23 0
24 0
25 0
26 0
27 0
28 0
29 0
30 0
31 0
32 0
33 0
34 0
35 0
36 0
37 0
38 1
39 1
40 1
41 1
42 1
43 1
44 0
45 0
46 0
47 1
48 1
49 1
50 1
51 0
52 0
53 1
54 0
55 1
56 0
57 0
58 0
59 0
60 0
61 0
62 0
63 0
64 1
65 0
66 0
67 0
68 1
69 0
70 1
71 0
72 0
73 0
74 1
75 0
76 0
77 1
78 1
79 0
80 0
81 0
82 0
83 1
84 1
85 0
86 0
87 0
88 1
89 0
90 1
91 0
92 1
93 0
94 0
95 0
96 0
97 0
98 0
99 0
100 0
101 0
102 1
103 0
104 0
105 0
106 0
107 0
108 0
109 0
110 0
111 0
112 1
113 0
114 0
115 1
116 0
117 1
118 1
119 0
120 1
121 0
122 0
123 0
124 1
125 1
126 0
127 0
128 0
129 0
130 0
131 0
132 0
133 1
134 1
135 0
136 0
137 1
138 0
139 0
140 1
141 0
142 0
143 0
144 1
145 1
146 0
147 1
148 0
149 1
150 0
151 0
152 1
153 0
154 1
155 0
156 0
157 0
158 0
159 1
160 1
161 0
162 1
163 1
164 1
165 0
166 1
167 1
168 0
169 0
170 0
171 1
172 0
173 1
174 0
175 0
176 0
177 1
178 0
179 0
180 0
181 0
182 1
183 0
184 0
185 0
186 0
187 1
188 0
189 1
190 1
191 0
192 0
193 0
194 0
195 1
196 0
197 0
198 0
199 0
200 1
