1 1
2 0
3 1
4 1
5 1
6 1
7 1
8 1
9 0
10 1
11 0
12 1
13 0
14 1
15 0
16 1
17 0
18 0
19 1
20 0
21 1
22 1
23 1
24 1
25 0
26 0
27 1
28 1
29 0
30 1
31 1
32 1
33 0
34 0
35 1
36 0
37 0
38 0
39 0
40 1
41 0
42 1
43 0
44 1
45 1
46 1
47 1
48 1
49 1
50 1
51 0
52 0
53 0
54 1
55 1
56 0
57 1
58 1
59 1
60 1
61 1
62 1
63 1
64 0
65 1
66 0
67 1
68 0
69 0
70 0
71 1
72 1
73 1
74 0
75 0
76 1
77 1
78 0
79 0
80 0
81 1
82 1
83 1
84 0
85 1
86 0
87 1
88 1
89 1
90 1
91 0
92 1
93 1
94 0
95 1
96 1
97 1
98 0
99 1
100 0
101 1
102 1
103 1
104 0
105 1
106 1
107 1
108 1
109 1
110 1
111 0
112 1
113 0
114 1
115 0
116 1
117 1
118 1
119 0
120 0
121 1
122 1
123 1
124 1
125 1
126 0
127 0
128 1
129 1
130 0
131 1
132 0
133 1
134 0
135 0
136 1
137 1
138 0
139 0
140 1
141 0
142 0
143 0
144 1
145 0
146 1
147 1
148 1
149 1
150 0
151 1
152 1
153 1
154 1
155 1
156 0
157 1
158 0
159 0
160 1
161 1
162 1
163 0
164 1
165 0
166 1
167 0
168 1
169 1
170 0
171 0
172 0
173 0
174 0
175 0
176 1
177 0
178 0
179 1
180 1
181 1
182 1
183 0
184 0
185 1
186 1
187 1
188 0
189 1
190 1
191 1
192 0
193 0
194 0
195 0
196 1
197 1
198 1
199 0
200 0
