1 1
2 1
3 1
4 1
5 1
6 1
7 0
8 0
9 1
10 1
11 0
12 0
13 0
14 0
15 0
16 0
17 0
18 1
19 1
20 0
21 1
22 0
23 0
24 0
25 0
26 1
27 1
28 1
29 1
30 1
31 1
32 0
33 1
34 0
35 0
36 1
37 0
38 0
39 1
40 0
41 0
42 1
43 1
44 0
45 1
46 0
47 1
48 1
49 1
50 1
51 1
52 0
53 0
54 1
55 1
56 1
57 0
58 0
59 1
60 0
61 1
62 1
63 0
64 0
65 0
66 1
67 1
68 0
69 0
70 1
71 0
72 0
73 0
74 1
75 1
76 1
77 1
78 1
79 1
80 1
81 0
82 0
83 0
84 1
85 1
86 0
87 0
88 1
89 0
90 0
91 1
92 0
93 1
94 0
95 0
96 1
97 0
98 0
99 1
100 0
101 1
102 0
103 1
104 1
105 0
106 1
107 1
108 0
109 0
110 1
111 1
112 1
113 0
114 0
115 1
116 0
117 0
118 1
119 1
120 1
121 1
122 1
123 0
124 0
125 1
126 0
127 1
128 1
129 0
130 0
131 0
132 0
133 1
134 1
135 0
136 1
137 1
138 1
139 1
140 0
141 0
142 1
143 1
144 0
145 1
146 1
147 1
148 1
149 0
150 1
151 1
152 0
153 0
154 1
155 0
156 1
157 1
158 1
159 0
160 0
161 1
162 0
163 0
164 1
165 1
166 0
167 0
168 0
169 0
170 0
171 1
172 1
173 0
174 0
175 0
176 1
177 1
178 0
179 1
180 0
181 0
182 1
183 0
184 0
185 0
186 1
187 1
188 0
189 0
190 1
191 1
192 0
193 0
194 0
195 1
196 0
197 0
198 0
199 0
200 1
