1 0
2 1
3 0
4 1
5 1
6 0
7 0
8 1
9 0
10 0
11 0
12 0
13 1
14 0
15 0
16 1
17 0
18 0
19 0
20 0
21 1
22 0
23 1
24 1
25 0
26 0
27 1
28 0
29 0
30 0
31 1
32 0
33 0
34 0
35 1
36 0
37 1
38 1
39 0
40 0
41 0
42 0
43 0
44 0
45 0
46 1
47 0
48 0
49 1
50 0
51 1
52 0
53 0
54 0
55 1
56 0
57 0
58 0
59 1
60 1
61 1
62 0
63 1
64 0
65 0
66 1
67 0
68 0
69 0
70 1
71 0
72 0
73 1
74 1
75 1
76 1
77 0
78 1
79 1
80 1
81 0
82 0
83 1
84 0
85 0
86 0
87 0
88 0
89 1
90 0
91 1
92 0
93 0
94 1
95 0
96 1
97 0
98 0
99 1
100 0
101 1
102 1
103 1
104 0
105 0
106 1
107 0
108 0
109 1
110 0
111 0
112 0
113 0
114 0
115 1
116 0
117 0
118 0
119 0
120 1
121 1
122 0
123 0
124 0
125 0
126 0
127 0
128 0
129 1
130 1
131 0
132 1
133 1
134 0
135 1
136 0
137 0
138 0
139 0
140 1
141 1
142 0
143 0
144 0
145 0
146 0
147 1
148 1
149 1
150 1
151 0
152 1
153 1
154 1
155 0
156 0
157 0
158 0
159 0
160 1
161 1
162 1
163 0
164 0
165 0
166 1
167 0
168 0
169 0
170 1
171 0
172 0
173 0
174 0
175 1
176 1
177 0
178 0
179 1
180 0
181 0
182 0
183 0
184 1
185 0
186 0
187 1
188 1
189 0
190 0
191 1
192 0
193 0
194 1
195 0
196 0
197 0
198 0
199 1
200 0
