1 0
2 0
3 1
4 0
5 0
6 0
7 0
8 1
9 0
10 1
11 1
12 0
13 0
14 1
15 0
16 1
17 0
18 1
19 0
20 0
21 0
22 1
23 1
24 0
25 1
26 0
27 1
28 0
29 1
30 1
31 1
32 0
33 1
34 1
35 0
36 1
37 0
38 0
39 0
40 1
41 1
42 0
43 0
44 1
45 0
46 1
47 0
48 0
49 0
50 0
51 0
52 1
53 1
54 0
55 0
56 0
57 1
58 0
59 0
60 0
61 0
62 0
63 0
64 0
65 0
66 0
67 0
68 0
69 0
70 1
71 1
72 1
73 0
74 1
75 1
76 0
77 0
78 0
79 0
80 0
81 1
82 0
83 0
84 0
85 1
86 1
87 1
88 0
89 0
90 0
91 0
92 0
93 0
94 1
95 0
96 1
97 1
98 0
99 1
100 0
101 1
102 0
103 1
104 0
105 0
106 0
107 0
108 1
109 0
110 1
111 1
112 1
113 0
114 1
115 0
116 1
117 0
118 0
119 1
120 0
121 1
122 0
123 1
124 1
125 0
126 1
127 0
128 1
129 0
130 1
131 1
132 0
133 1
134 1
135 0
136 0
137 0
138 0
139 1
140 0
141 0
142 1
143 0
144 0
145 0
146 1
147 0
148 1
149 0
150 0
151 1
152 1
153 0
154 1
155 0
156 1
157 0
158 0
159 0
160 1
161 1
162 1
163 1
164 0
165 1
166 0
167 0
168 1
169 1
170 0
171 1
172 0
173 0
174 0
175 0
176 0
177 0
178 0
179 0
180 0
181 1
182 1
183 0
184 0
185 0
186 1
187 0
188 0
189 0
190 0
191 1
192 0
193 0
194 0
195 1
196 0
197 0
198 1
199 0
200 1
