1 0
2 0
3 0
4 0
5 0
6 0
7 0
8 1
9 0
10 0
11 0
12 1
13 0
14 0
15 0
16 0
17 0
18 1
19 1
20 1
21 0
22 0
23 0
24 0
25 0
26 1
27 1
28 0
29 0
30 0
31 0
32 0
33 0
34 0
35 0
36 0
37 0
38 0
39 1
40 0
41 0
42 0
43 0
44 0
45 1
46 0
47 0
48 1
49 0
50 0
51 0
52 0
53 1
54 0
55 0
56 0
57 0
58 1
59 1
60 0
61 0
62 0
63 0
64 0
65 1
66 1
67 1
68 0
69 1
70 0
71 0
72 0
73 0
74 1
75 0
76 0
77 0
78 1
79 1
80 0
81 1
82 1
83 0
84 0
85 0
86 0
87 0
88 0
89 0
90 0
91 0
92 0
93 0
94 0
95 0
96 1
97 0
98 1
99 0
100 1
101 0
102 0
103 0
104 0
105 0
106 1
107 0
108 1
109 1
110 1
111 0
112 0
113 1
114 0
115 1
116 0
117 0
118 1
119 0
120 0
121 0
122 1
123 0
124 0
125 0
126 1
127 0
128 1
129 1
130 0
131 0
132 0
133 0
134 1
135 1
136 0
137 0
138 0
139 1
140 0
141 1
142 0
143 1
144 0
145 1
146 0
147 0
148 0
149 1
150 0
151 1
152 1
153 1
154 0
155 0
156 0
157 0
158 0
159 0
160 0
161 0
162 1
163 0
164 0
165 1
166 0
167 0
168 0
169 0
170 1
171 0
172 0
173 0
174 1
175 0
176 0
177 1
178 0
179 0
180 0
181 0
182 1
183 0
184 0
185 1
186 0
187 0
188 0
189 0
190 0
191 0
192 0
193 0
194 1
195 0
196 0
197 0
198 0
199 0
200 0
