1 1
2 1
3 1
4 0
5 0
6 1
7 1
8 0
9 1
10 0
11 1
12 1
13 0
14 1
15 0
16 0
17 1
18 0
19 1
20 0
21 1
22 0
23 0
24 0
25 0
26 0
27 1
28 1
29 1
30 0
31 0
32 0
33 0
34 0
35 0
36 0
37 0
38 1
39 1
40 0
41 0
42 0
43 0
44 0
45 1
46 0
47 0
48 1
49 0
50 1
51 1
52 0
53 1
54 0
55 0
56 0
57 1
58 0
59 0
60 0
61 0
62 1
63 0
64 0
65 1
66 1
67 0
68 0
69 1
70 1
71 1
72 1
73 0
74 1
75 1
76 1
77 0
78 1
79 1
80 1
81 0
82 1
83 0
84 1
85 0
86 1
87 0
88 0
89 0
90 0
91 1
92 1
93 1
94 1
95 0
96 1
97 0
98 1
99 1
100 0
101 1
102 1
103 0
104 0
105 1
106 0
107 0
108 1
109 1
110 0
111 0
112 1
113 0
114 1
115 0
116 0
117 0
118 0
119 1
120 0
121 1
122 0
123 0
124 0
125 0
126 0
127 0
128 0
129 0
130 0
131 1
132 1
133 1
134 1
135 1
136 1
137 0
138 0
139 0
140 0
141 0
142 1
143 1
144 0
145 0
146 1
147 0
148 0
149 0
150 1
151 1
152 1
153 1
154 0
155 0
156 1
157 1
158 0
159 1
160 1
161 0
162 1
163 0
164 0
165 1
166 1
167 0
168 1
169 0
170 0
171 0
172 0
173 0
174 1
175 0
176 0
177 1
178 1
179 1
180 0
181 1
182 1
183 1
184 1
185 1
186 0
187 0
188 1
189 1
190 1
191 0
192 1
193 0
194 1
195 0
196 1
197 1
198 0
199 0
200 0
