1 0
2 0
3 0
4 0
5 1
6 0
7 0
8 0
9 0
10 0
11 0
12 0
13 0
14 0
15 0
16 1
17 0
18 0
19 0
20 0
21 0
22 0
23 0
24 0
25 0
26 0
27 0
28 0
29 0
30 0
31 0
32 1
33 0
34 0
35 0
36 1
37 0
38 1
39 1
40 0
41 1
42 0
43 1
44 0
45 0
46 1
47 0
48 1
49 1
50 0
51 1
52 0
53 0
54 0
55 1
56 1
57 0
58 1
59 0
60 0
61 0
62 0
63 0
64 0
65 1
66 0
67 0
68 0
69 0
70 0
71 1
72 1
73 1
74 1
75 0
76 0
77 1
78 1
79 0
80 1
81 0
82 0
83 1
84 0
85 0
86 0
87 1
88 0
89 0
90 0
91 1
92 1
93 0
94 0
95 0
96 0
97 1
98 1
99 0
100 0
101 1
102 1
103 0
104 0
105 0
106 0
107 0
108 0
109 0
110 0
111 0
112 0
113 0
114 0
115 0
116 0
117 0
118 1
119 0
120 0
121 0
122 1
123 0
124 0
125 0
126 1
127 0
128 1
129 0
130 0
131 1
132 1
133 1
134 1
135 0
136 0
137 1
138 0
139 0
140 1
141 0
142 0
143 1
144 1
145 1
146 0
147 1
148 0
149 0
150 1
151 1
152 0
153 0
154 0
155 0
156 1
157 1
158 1
159 0
160 0
161 0
162 0
163 0
164 0
165 1
166 0
167 0
168 0
169 1
170 0
171 0
172 1
173 0
174 0
175 0
176 1
177 1
178 1
179 1
180 1
181 0
182 0
183 0
184 1
185 0
186 1
187 0
188 0
189 1
190 0
191 0
192 0
193 1
194 0
195 0
196 0
197 0
198 1
199 1
200 0
