1 0
2 0
3 0
4 1
5 1
6 0
7 1
8 0
9 0
10 1
11 0
12 0
13 0
14 1
15 0
16 0
17 0
18 1
19 0
20 1
21 0
22 1
23 1
24 0
25 1
26 1
27 1
28 1
29 1
30 0
31 0
32 0
33 0
34 1
35 1
36 0
37 0
38 0
39 1
40 1
41 1
42 1
43 1
44 1
45 1
46 1
47 0
48 1
49 1
50 0
51 1
52 1
53 0
54 0
55 0
56 0
57 1
58 0
59 0
60 1
61 0
62 0
63 0
64 1
65 1
66 1
67 0
68 0
69 1
70 1
71 1
72 0
73 1
74 1
75 1
76 0
77 1
78 1
79 0
80 0
81 1
82 1
83 0
84 0
85 0
86 0
87 1
88 0
89 0
90 0
91 0
92 0
93 1
94 0
95 1
96 0
97 1
98 1
99 0
100 1
101 1
102 1
103 0
104 0
105 0
106 0
107 0
108 0
109 0
110 0
111 0
112 0
113 0
114 0
115 0
116 0
117 1
118 0
119 0
120 1
121 0
122 0
123 1
124 1
125 0
126 0
127 0
128 0
129 1
130 0
131 0
132 1
133 1
134 0
135 1
136 0
137 1
138 0
139 1
140 0
141 0
142 1
143 1
144 0
145 0
146 1
147 0
148 0
149 1
150 1
151 0
152 0
153 1
154 0
155 0
156 0
157 0
158 0
159 1
160 1
161 0
162 1
163 1
164 1
165 1
166 0
167 1
168 1
169 0
170 1
171 0
172 0
173 0
174 0
175 0
176 1
177 1
178 0
179 0
180 0
181 0
182 0
183 0
184 1
185 1
186 1
187 1
188 1
189 0
190 0
191 1
192 0
193 0
194 1
195 1
196 0
197 1
198 0
199 0
200 0
