1 0
2 0
3 0
4 1
5 0
6 1
7 0
8 0
9 0
10 1
11 1
12 1
13 0
14 1
15 1
16 0
17 0
18 0
19 1
20 0
21 0
22 0
23 1
24 1
25 1
26 0
27 1
28 0
29 1
30 0
31 0
32 0
33 0
34 0
35 0
36 0
37 1
38 0
39 0
40 0
41 0
42 1
43 0
44 0
45 1
46 1
47 0
48 1
49 0
50 0
51 1
52 1
53 0
54 1
55 1
56 0
57 1
58 0
59 1
60 0
61 0
62 0
63 1
64 0
65 0
66 1
67 0
68 0
69 0
70 0
71 0
72 0
73 0
74 1
75 0
76 1
77 1
78 0
79 1
80 1
81 1
82 1
83 0
84 0
85 1
86 1
87 0
88 1
89 0
90 0
91 1
92 0
93 1
94 1
95 0
96 0
97 1
98 0
99 0
100 0
101 1
102 1
103 0
104 0
105 1
106 1
107 1
108 0
109 0
110 0
111 0
112 1
113 1
114 0
115 0
116 0
117 0
118 0
119 1
120 0
121 0
122 1
123 1
124 0
125 0
126 1
127 0
128 0
129 1
130 1
131 0
132 1
133 0
134 0
135 1
136 0
137 1
138 0
139 0
140 1
141 0
142 1
143 1
144 0
145 1
146 1
147 0
148 0
149 1
150 1
151 0
152 1
153 0
154 1
155 1
156 1
157 0
158 0
159 0
160 0
161 0
162 1
163 0
164 0
165 0
166 0
167 0
168 1
169 0
170 0
171 0
172 0
173 1
174 1
175 0
176 0
177 0
178 0
179 0
180 0
181 0
182 0
183 1
184 0
185 0
186 1
187 0
188 1
189 0
190 1
191 1
192 0
193 0
194 1
195 1
196 1
197 1
198 1
199 0
200 0
