1 1
2 1
3 1
4 1
5 0
6 0
7 1
8 0
9 0
10 0
11 0
12 0
13 0
14 1
15 1
16 0
17 0
18 0
19 0
20 1
21 1
22 1
23 1
24 0
25 0
26 1
27 0
28 1
29 0
30 1
31 1
32 1
33 1
34 0
35 1
36 0
37 0
38 1
39 1
40 0
41 0
42 1
43 0
44 1
45 1
46 0
47 0
48 0
49 1
50 0
51 0
52 0
53 0
54 0
55 0
56 0
57 1
58 0
59 0
60 0
61 0
62 1
63 0
64 0
65 0
66 0
67 1
68 0
69 0
70 0
71 1
72 0
73 1
74 1
75 0
76 1
77 0
78 0
79 0
80 0
81 0
82 0
83 0
84 1
85 0
86 0
87 0
88 0
89 1
90 0
91 1
92 0
93 1
94 0
95 1
96 1
97 0
98 0
99 0
100 0
101 1
102 1
103 0
104 1
105 0
106 1
107 0
108 0
109 0
110 0
111 0
112 1
113 1
114 0
115 0
116 1
117 0
118 0
119 0
120 1
121 0
122 0
123 0
124 0
125 1
126 0
127 0
128 0
129 0
130 0
131 0
132 1
133 0
134 0
135 1
136 0
137 0
138 0
139 1
140 0
141 0
142 1
143 0
144 1
145 0
146 1
147 1
148 1
149 1
150 0
151 0
152 0
153 0
154 0
155 0
156 0
157 0
158 1
159 1
160 0
161 0
162 1
163 0
164 0
165 0
166 0
167 0
168 1
169 1
170 0
171 0
172 1
173 0
174 0
175 0
176 1
177 0
178 1
179 0
180 0
181 0
182 1
183 0
184 0
185 0
186 1
187 0
188 0
189 0
190 0
191 0
192 1
193 1
194 0
195 0
196 0
197 0
198 0
199 0
200 1
