1 1
2 0
3 0
4 1
5 1
6 1
7 0
8 0
9 0
10 1
11 1
12 0
13 1
14 1
15 1
16 1
17 1
18 1
19 0
20 1
21 1
22 0
23 0
24 0
25 1
26 0
27 1
28 0
29 1
30 1
31 0
32 1
33 1
34 0
35 1
36 0
37 0
38 0
39 0
40 0
41 0
42 0
43 1
44 1
45 1
46 0
47 0
48 0
49 1
50 1
51 0
52 0
53 1
54 1
55 1
56 0
57 0
58 1
59 0
60 1
61 1
62 0
63 1
64 1
65 1
66 1
67 1
68 0
69 1
70 0
71 1
72 1
73 1
74 0
75 0
76 1
77 1
78 1
79 1
80 0
81 1
82 0
83 1
84 1
85 0
86 0
87 0
88 0
89 0
90 1
91 1
92 1
93 0
94 0
95 1
96 1
97 1
98 1
99 1
100 1
101 0
102 0
103 1
104 1
105 1
106 1
107 0
108 1
109 1
110 1
111 0
112 1
113 0
114 0
115 0
116 1
117 0
118 0
119 1
120 1
121 1
122 1
123 1
124 0
125 1
126 0
127 0
128 0
129 1
130 1
131 1
132 1
133 1
134 1
135 1
136 1
137 1
138 0
139 0
140 0
141 0
142 0
143 0
144 0
145 0
146 1
147 0
148 1
149 0
150 0
151 0
152 1
153 1
154 0
155 1
156 0
157 1
158 0
159 0
160 1
161 1
162 1
163 1
164 0
165 0
166 1
167 0
168 1
169 1
170 0
171 1
172 1
173 0
174 1
175 0
176 1
177 1
178 0
179 1
180 0
181 1
182 0
183 0
184 0
185 1
186 1
187 0
188 1
189 1
190 0
191 0
192 1
193 1
194 1
195 1
196 1
197 0
198 0
199 0
200 0
