1 0
2 1
3 1
4 0
5 0
6 1
7 1
8 0
9 0
10 0
11 1
12 1
13 0
14 0
15 0
16 0
17 1
18 0
19 1
20 1
21 0
22 0
23 1
24 0
25 0
26 0
27 0
28 1
29 1
30 0
31 0
32 1
33 1
34 1
35 1
36 1
37 0
38 0
39 0
40 1
41 0
42 0
43 1
44 0
45 0
46 0
47 1
48 0
49 1
50 1
51 0
52 0
53 1
54 0
55 0
56 1
57 1
58 0
59 1
60 0
61 0
62 0
63 0
64 1
65 1
66 0
67 1
68 0
69 1
70 1
71 1
72 1
73 0
74 1
75 0
76 0
77 0
78 1
79 0
80 0
81 1
82 1
83 1
84 0
85 0
86 1
87 0
88 0
89 0
90 0
91 0
92 0
93 0
94 0
95 0
96 1
97 0
98 1
99 1
100 0
101 0
102 0
103 1
104 0
105 0
106 0
107 1
108 0
109 0
110 1
111 0
112 1
113 0
114 1
115 1
116 1
117 1
118 1
119 1
120 0
121 1
122 0
123 1
124 1
125 1
126 0
127 1
128 0
129 1
130 1
131 1
132 1
133 0
134 0
135 1
136 1
137 1
138 1
139 0
140 0
141 1
142 0
143 0
144 1
145 1
146 0
147 0
148 1
149 0
150 1
151 1
152 0
153 0
154 1
155 0
156 0
157 0
158 0
159 1
160 1
161 1
162 0
163 0
164 0
165 0
166 0
167 0
168 1
169 1
170 0
171 0
172 1
173 0
174 1
175 1
176 1
177 1
178 1
179 1
180 0
181 0
182 1
183 0
184 0
185 1
186 1
187 0
188 0
189 0
190 1
191 0
192 1
193 0
194 0
195 1
196 0
197 1
198 0
199 0
200 0
