1 0
2 1
3 1
4 0
5 1
6 1
7 1
8 1
9 0
10 0
11 1
12 0
13 1
14 1
15 0
16 0
17 1
18 0
19 1
20 0
21 1
22 0
23 0
24 1
25 1
26 0
27 1
28 1
29 1
30 0
31 1
32 1
33 0
34 0
35 0
36 0
37 0
38 0
39 1
40 0
41 0
42 0
43 1
44 1
45 0
46 0
47 1
48 0
49 1
50 0
51 0
52 0
53 1
54 0
55 0
56 0
57 0
58 0
59 0
60 1
61 0
62 0
63 0
64 1
65 1
66 1
67 0
68 1
69 0
70 0
71 1
72 0
73 0
74 1
75 0
76 1
77 0
78 0
79 1
80 1
81 0
82 0
83 0
84 0
85 0
86 1
87 0
88 1
89 0
90 0
91 0
92 0
93 0
94 0
95 0
96 1
97 0
98 1
99 0
100 1
101 0
102 0
103 1
104 1
105 1
106 0
107 0
108 1
109 0
110 0
111 1
112 0
113 1
114 0
115 0
116 1
117 0
118 1
119 0
120 0
121 0
122 1
123 0
124 0
125 0
126 0
127 0
128 1
129 0
130 1
131 0
132 0
133 1
134 0
135 0
136 0
137 1
138 1
139 0
140 0
141 1
142 0
143 0
144 1
145 1
146 0
147 0
148 1
149 0
150 1
151 0
152 0
153 0
154 0
155 1
156 0
157 0
158 1
159 0
160 1
161 0
162 0
163 0
164 0
165 0
166 1
167 1
168 0
169 0
170 1
171 1
172 1
173 1
174 0
175 1
176 0
177 0
178 1
179 0
180 1
181 1
182 1
183 0
184 0
185 0
186 0
187 0
188 0
189 0
190 1
191 1
192 1
193 0
194 0
195 0
196 1
197 0
198 0
199 1
200 0
