1 0
2 0
3 1
4 0
5 0
6 1
7 1
8 0
9 1
10 0
11 1
12 0
13 0
14 0
15 0
16 1
17 1
18 0
19 0
20 1
21 1
22 1
23 0
24 0
25 1
26 0
27 1
28 0
29 1
30 1
31 0
32 0
33 1
34 0
35 0
36 1
37 0
38 0
39 1
40 0
41 0
42 1
43 0
44 1
45 0
46 1
47 0
48 1
49 0
50 0
51 0
52 0
53 1
54 0
55 0
56 1
57 1
58 1
59 0
60 0
61 0
62 1
63 1
64 0
65 0
66 0
67 0
68 0
69 0
70 0
71 1
72 1
73 0
74 0
75 0
76 1
77 0
78 0
79 1
80 1
81 0
82 0
83 0
84 0
85 1
86 0
87 1
88 0
89 1
90 0
91 0
92 0
93 1
94 1
95 0
96 0
97 0
98 0
99 0
100 0
101 0
102 0
103 0
104 0
105 1
106 0
107 0
108 1
109 1
110 1
111 0
112 1
113 0
114 1
115 0
116 1
117 0
118 1
119 0
120 0
121 1
122 0
123 1
124 0
125 0
126 1
127 0
128 0
129 1
130 0
131 1
132 1
133 0
134 0
135 1
136 1
137 0
138 1
139 0
140 0
141 1
142 0
143 0
144 1
145 1
146 0
147 1
148 0
149 0
150 0
151 0
152 0
153 1
154 0
155 1
156 0
157 0
158 0
159 0
160 0
161 0
162 0
163 0
164 0
165 0
166 0
167 0
168 0
169 0
170 1
171 0
172 1
173 0
174 1
175 0
176 0
177 0
178 0
179 1
180 0
181 1
182 0
183 0
184 0
185 1
186 0
187 1
188 0
189 0
190 1
191 0
192 0
193 1
194 1
195 1
196 0
197 0
198 1
199 0
200 1
