1 1
2 1
3 0
4 1
5 1
6 0
7 0
8 0
9 0
10 0
11 0
12 1
13 0
14 0
15 1
16 0
17 0
18 1
19 1
20 0
21 0
22 1
23 0
24 0
25 1
26 1
27 0
28 0
29 1
30 1
31 0
32 0
33 0
34 1
35 1
36 0
37 0
38 0
39 0
40 0
41 1
42 0
43 0
44 1
45 0
46 0
47 0
48 0
49 1
50 0
51 0
52 0
53 0
54 0
55 0
56 0
57 1
58 1
59 1
60 1
61 1
62 0
63 1
64 0
65 0
66 0
67 1
68 0
69 1
70 0
71 0
72 0
73 1
74 1
75 1
76 0
77 0
78 0
79 0
80 0
81 1
82 1
83 1
84 0
85 1
86 0
87 1
88 0
89 1
90 0
91 0
92 0
93 1
94 0
95 1
96 1
97 1
98 0
99 0
100 0
101 0
102 0
103 1
104 0
105 1
106 0
107 0
108 0
109 1
110 0
111 1
112 0
113 1
114 0
115 0
116 1
117 0
118 1
119 1
120 0
121 1
122 0
123 0
124 1
125 1
126 1
127 0
128 0
129 1
130 1
131 0
132 1
133 1
134 1
135 1
136 1
137 0
138 1
139 1
140 0
141 0
142 0
143 0
144 1
145 1
146 0
147 1
148 0
149 0
150 1
151 0
152 1
153 1
154 0
155 0
156 0
157 0
158 1
159 0
160 0
161 1
162 1
163 0
164 1
165 0
166 0
167 1
168 0
169 0
170 0
171 0
172 1
173 0
174 1
175 0
176 0
177 0
178 0
179 1
180 1
181 1
182 1
183 1
184 0
185 0
186 0
187 0
188 0
189 0
190 0
191 1
192 0
193 0
194 1
195 1
196 1
197 1
198 0
199 1
200 0
