1 1
2 1
3 0
4 1
5 1
6 1
7 0
8 1
9 0
10 0
11 1
12 1
13 0
14 0
15 1
16 1
17 1
18 1
19 0
20 0
21 1
22 0
23 0
24 0
25 1
26 0
27 0
28 1
29 0
30 1
31 0
32 1
33 1
34 0
35 0
36 1
37 0
38 0
39 1
40 1
41 1
42 1
43 0
44 1
45 1
46 0
47 1
48 1
49 1
50 1
51 1
52 1
53 1
54 1
55 0
56 0
57 0
58 0
59 0
60 0
61 1
62 0
63 0
64 1
65 0
66 0
67 1
68 1
69 1
70 1
71 1
72 1
73 0
74 0
75 1
76 1
77 1
78 1
79 1
80 0
81 1
82 1
83 0
84 0
85 1
86 0
87 1
88 1
89 1
90 0
91 0
92 1
93 1
94 0
95 1
96 1
97 1
98 1
99 0
100 0
101 0
102 1
103 1
104 1
105 0
106 1
107 0
108 0
109 1
110 0
111 0
112 0
113 1
114 0
115 0
116 1
117 0
118 0
119 1
120 1
121 0
122 1
123 1
124 0
125 1
126 1
127 1
128 1
129 0
130 1
131 0
132 1
133 1
134 1
135 0
136 0
137 0
138 1
139 1
140 0
141 1
142 0
143 1
144 0
145 0
146 1
147 0
148 0
149 0
150 0
151 1
152 1
153 1
154 1
155 1
156 0
157 1
158 0
159 1
160 0
161 0
162 0
163 1
164 0
165 0
166 1
167 1
168 0
169 1
170 1
171 1
172 0
173 1
174 1
175 0
176 0
177 1
178 0
179 0
180 0
181 1
182 0
183 1
184 0
185 0
186 0
187 1
188 1
189 0
190 0
191 0
192 0
193 0
194 1
195 1
196 1
197 0
198 1
199 1
200 1
