1 0
2 1
3 0
4 1
5 0
6 0
7 0
8 1
9 0
10 0
11 1
12 0
13 0
14 0
15 1
16 1
17 0
18 1
19 1
20 0
21 0
22 1
23 0
24 0
25 0
26 0
27 0
28 0
29 0
30 1
31 0
32 0
33 1
34 1
35 1
36 0
37 0
38 1
39 0
40 0
41 0
42 0
43 1
44 0
45 1
46 1
47 1
48 0
49 1
50 1
51 1
52 0
53 0
54 1
55 1
56 0
57 1
58 0
59 0
60 1
61 0
62 0
63 1
64 0
65 0
66 1
67 0
68 0
69 0
70 1
71 0
72 1
73 0
74 1
75 0
76 0
77 1
78 1
79 1
80 1
81 1
82 0
83 0
84 1
85 1
86 0
87 1
88 0
89 1
90 1
91 0
92 1
93 0
94 0
95 1
96 1
97 0
98 0
99 1
100 1
101 0
102 0
103 0
104 0
105 1
106 0
107 1
108 0
109 0
110 1
111 0
112 0
113 0
114 1
115 0
116 1
117 1
118 0
119 0
120 1
121 0
122 0
123 0
124 0
125 0
126 0
127 1
128 0
129 0
130 0
131 0
132 0
133 0
134 0
135 1
136 1
137 0
138 1
139 0
140 0
141 1
142 0
143 0
144 0
145 0
146 1
147 0
148 0
149 1
150 1
151 1
152 0
153 1
154 1
155 1
156 0
157 0
158 1
159 0
160 0
161 0
162 0
163 0
164 0
165 1
166 1
167 0
168 1
169 1
170 0
171 0
172 0
173 0
174 0
175 0
176 1
177 1
178 1
179 1
180 0
181 1
182 1
183 1
184 1
185 0
186 1
187 1
188 1
189 0
190 1
191 1
192 0
193 0
194 0
195 0
196 0
197 0
198 1
199 1
200 1
