1 0
2 0
3 1
4 1
5 1
6 1
7 1
8 1
9 1
10 0
11 1
12 1
13 1
14 0
15 0
16 1
17 1
18 1
19 0
20 0
21 1
22 1
23 1
24 0
25 0
26 0
27 1
28 1
29 0
30 0
31 1
32 0
33 0
34 0
35 1
36 0
37 0
38 1
39 0
40 1
41 1
42 0
43 0
44 0
45 1
46 1
47 0
48 1
49 1
50 1
51 1
52 1
53 0
54 1
55 0
56 1
57 1
58 1
59 0
60 1
61 1
62 0
63 0
64 1
65 1
66 0
67 0
68 0
69 0
70 0
71 1
72 0
73 0
74 0
75 1
76 1
77 1
78 1
79 0
80 1
81 0
82 0
83 1
84 1
85 0
86 0
87 0
88 0
89 0
90 1
91 0
92 0
93 0
94 1
95 0
96 0
97 0
98 0
99 0
100 0
101 1
102 0
103 0
104 0
105 0
106 0
107 1
108 0
109 0
110 1
111 0
112 0
113 0
114 0
115 1
116 1
117 0
118 1
119 1
120 1
121 0
122 1
123 1
124 1
125 0
126 1
127 1
128 1
129 0
130 0
131 1
132 0
133 1
134 0
135 1
136 0
137 0
138 0
139 1
140 1
141 0
142 0
143 1
144 0
145 0
146 0
147 1
148 0
149 1
150 1
151 1
152 1
153 0
154 0
155 0
156 0
157 1
158 0
159 0
160 1
161 1
162 0
163 0
164 0
165 0
166 1
167 0
168 0
169 0
170 0
171 0
172 0
173 0
174 0
175 0
176 1
177 0
178 0
179 0
180 0
181 0
182 0
183 1
184 0
185 1
186 0
187 1
188 0
189 0
190 0
191 1
192 0
193 0
194 0
195 0
196 0
197 0
198 0
199 0
200 0
