1 1
2 0
3 0
4 1
5 1
6 0
7 1
8 0
9 0
10 1
11 0
12 1
13 0
14 0
15 0
16 0
17 0
18 0
19 0
20 0
21 1
22 0
23 0
24 1
25 0
26 0
27 1
28 0
29 1
30 0
31 1
32 0
33 1
34 0
35 0
36 1
37 0
38 1
39 0
40 0
41 1
42 0
43 0
44 0
45 0
46 0
47 1
48 1
49 0
50 0
51 0
52 0
53 1
54 1
55 1
56 0
57 0
58 1
59 0
60 1
61 0
62 0
63 0
64 0
65 1
66 0
67 0
68 1
69 0
70 0
71 0
72 0
73 0
74 0
75 1
76 1
77 0
78 0
79 1
80 0
81 1
82 0
83 0
84 1
85 0
86 0
87 1
88 0
89 0
90 0
91 0
92 1
93 0
94 1
95 0
96 1
97 0
98 0
99 0
100 1
101 1
102 1
103 1
104 0
105 1
106 1
107 0
108 0
109 1
110 0
111 0
112 0
113 0
114 0
115 0
116 1
117 0
118 0
119 1
120 1
121 0
122 0
123 1
124 0
125 0
126 0
127 0
128 0
129 0
130 0
131 0
132 1
133 1
134 0
135 0
136 0
137 1
138 1
139 0
140 1
141 0
142 1
143 1
144 1
145 0
146 0
147 0
148 0
149 0
150 0
151 0
152 1
153 1
154 0
155 0
156 0
157 1
158 0
159 1
160 0
161 1
162 1
163 0
164 1
165 0
166 1
167 0
168 1
169 0
170 0
171 0
172 0
173 1
174 0
175 1
176 0
177 0
178 1
179 0
180 0
181 1
182 0
183 0
184 0
185 0
186 0
187 0
188 0
189 1
190 0
191 0
192 0
193 0
194 1
195 0
196 0
197 0
198 0
199 0
200 1
