1 1
2 0
3 0
4 0
5 0
6 0
7 0
8 1
9 1
10 1
11 0
12 0
13 0
14 0
15 0
16 1
17 0
18 0
19 0
20 0
21 0
22 1
23 0
24 1
25 1
26 0
27 1
28 1
29 1
30 0
31 1
32 1
33 1
34 1
35 0
36 1
37 1
38 1
39 0
40 0
41 0
42 1
43 1
44 1
45 0
46 1
47 1
48 0
49 1
50 0
51 1
52 1
53 0
54 0
55 1
56 0
57 1
58 1
59 0
60 0
61 0
62 1
63 1
64 0
65 0
66 1
67 0
68 0
69 1
70 0
71 0
72 1
73 0
74 0
75 0
76 0
77 0
78 0
79 0
80 1
81 0
82 0
83 0
84 0
85 0
86 0
87 0
88 1
89 0
90 0
91 0
92 0
93 0
94 1
95 1
96 0
97 1
98 1
99 0
100 0
101 1
102 1
103 0
104 0
105 0
106 1
107 0
108 1
109 0
110 1
111 1
112 0
113 0
114 1
115 0
116 0
117 0
118 0
119 0
120 0
121 1
122 0
123 0
124 0
125 0
126 1
127 1
128 0
129 0
130 1
131 1
132 0
133 0
134 0
135 0
136 0
137 0
138 1
139 0
140 0
141 1
142 0
143 0
144 0
145 0
146 0
147 0
148 0
149 0
150 1
151 1
152 0
153 0
154 0
155 0
156 0
157 0
158 0
159 1
160 1
161 0
162 1
163 0
164 0
165 1
166 0
167 1
168 0
169 0
170 0
171 0
172 0
173 1
174 0
175 0
176 0
177 0
178 0
179 0
180 0
181 0
182 0
183 0
184 0
185 1
186 0
187 0
188 0
189 0
190 1
191 1
192 0
193 0
194 0
195 0
196 1
197 0
198 0
199 0
200 0
