1 0
2 1
3 1
4 1
5 1
6 0
7 0
8 1
9 0
10 0
11 0
12 1
13 0
14 0
15 1
16 0
17 1
18 1
19 0
20 1
21 1
22 0
23 0
24 1
25 1
26 1
27 1
28 1
29 1
30 0
31 1
32 0
33 0
34 0
35 1
36 0
37 0
38 1
39 0
40 0
41 0
42 1
43 0
44 1
45 0
46 0
47 0
48 1
49 0
50 0
51 1
52 1
53 1
54 0
55 1
56 1
57 0
58 1
59 0
60 0
61 0
62 1
63 1
64 1
65 1
66 1
67 0
68 0
69 1
70 1
71 0
72 0
73 1
74 0
75 0
76 1
77 0
78 1
79 1
80 0
81 1
82 0
83 1
84 0
85 0
86 0
87 0
88 1
89 0
90 0
91 0
92 1
93 1
94 1
95 0
96 0
97 1
98 1
99 0
100 1
101 1
102 0
103 0
104 0
105 0
106 0
107 1
108 1
109 0
110 1
111 1
112 1
113 0
114 0
115 0
116 1
117 0
118 0
119 0
120 0
121 1
122 0
123 1
124 0
125 1
126 0
127 0
128 1
129 1
130 0
131 0
132 0
133 0
134 0
135 0
136 0
137 0
138 1
139 0
140 0
141 1
142 1
143 0
144 0
145 0
146 0
147 1
148 0
149 1
150 0
151 1
152 1
153 1
154 0
155 1
156 1
157 0
158 0
159 0
160 1
161 1
162 0
163 1
164 1
165 0
166 1
167 0
168 1
169 0
170 0
171 0
172 0
173 1
174 0
175 0
176 0
177 1
178 1
179 0
180 1
181 1
182 1
183 1
184 0
185 0
186 0
187 0
188 1
189 0
190 0
191 0
192 0
193 0
194 1
195 0
196 0
197 0
198 1
199 0
200 1
